# Esta es una ImagenFil autogenerada.
9
8
200,137,161
24,107,89
185,167,184
31,4,236
47,109,233
123,216,126
233,124,129
53,87,171
33,203,191
247,224,191
79,122,209
234,1,71
44,146,225
176,46,120
208,137,0
13,250,10
212,29,74
246,104,118
42,228,59
100,156,114
150,245,109
149,16,132
82,68,124
25,88,246
154,211,86
196,116,180
114,45,80
207,152,239
112,31,162
161,55,241
95,46,62
54,2,177
213,183,169
198,229,161
113,153,186
157,57,201
47,51,200
150,232,238
17,100,209
123,117,72
175,161,149
236,232,206
232,194,176
185,149,38
147,100,45
235,43,204
226,107,245
73,108,6
199,180,73
225,243,80
96,136,114
129,252,211
97,53,224
168,19,62
233,203,125
156,7,51
33,30,96
38,242,177
169,148,97
14,22,26
186,124,32
57,87,221
121,133,141
54,135,153
58,111,202
229,211,61
6,159,94
150,123,96
46,100,198
67,129,170
188,184,16